========== UR5 DH Transformation Tool ==========

Enter start frame (0-5): 2
Enter end frame (1-6): 5

Enter Joint Angles (in DEGREES):
q1 (deg): 12.3
q2 (deg): 23.4
q3 (deg): 34.5
q4 (deg): 45.6
q5 (deg): 56.7
q6 (deg): 67.8

Enter Link Constants:
d1: 1.2
a3: 2.3
a4: 3.4
d4: 4.3
d5: 3.2
d6: 2.1

========== DH PARAMETER TABLE ==========
 i |    a_i    |  alpha_i (deg) |    d_i    |  theta_i (deg)
------------------------------------------------------------
 1 |   0.000000 |       0.000000 |   1.200000 |      12.300000
 2 |   0.000000 |      90.000000 |   0.000000 |      23.400000
 3 |   2.300000 |       0.000000 |   0.000000 |      34.500000
 4 |   3.400000 |       0.000000 |   4.300000 |      45.600000
 5 |   0.000000 |     -90.000000 |   3.200000 |      56.700000
 6 |   0.000000 |      90.000000 |   2.100000 |      67.800000
============================================================

--- Step-by-Step Transformations ---

Matrix A_3 (T_2->3):
[[ 0.824126 -0.566406  0.        1.89549 ]
 [ 0.566406  0.824126 -0.        1.302734]
 [ 0.        0.        1.        0.      ]
 [ 0.        0.        0.        1.      ]]

Matrix A_4 (T_3->4):
[[ 0.699663 -0.714473  0.        2.378855]
 [ 0.714473  0.699663 -0.        2.429207]
 [ 0.        0.        1.        4.3     ]
 [ 0.        0.        0.        1.      ]]

Matrix A_5 (T_4->5):
[[ 0.549023 -0.       -0.835807  0.      ]
 [ 0.835807  0.        0.549023  0.      ]
 [ 0.       -1.        0.        3.2     ]
 [ 0.        0.        0.        1.      ]]

========================================
FINAL RESULT: T_25
========================================
[[-0.728969 -0.       -0.684547  2.480049]
 [ 0.684547 -0.       -0.728969  4.652106]
 [ 0.       -1.        0.        7.5     ]
 [ 0.        0.        0.        1.      ]]
========================================