========== UR5 DH Transformation Tool ==========

Enter start frame (0-5): 0
Enter end frame (1-6): 6

Enter Joint Angles (in DEGREES):
q1 (deg): -91
q2 (deg): 23.4
q3 (deg): 34.5
q4 (deg): -45.6
q5 (deg): 56.7
q6 (deg): -67.8

Enter Link Constants:
d1: 1
a2: 2
a3: 3
d4: 4.3
d5: 3.2
d6: 2.1

--- Step-by-Step Transformations ---

Matrix A_1 (T_0->1):
[[-0.017452  0.       -0.999848 -0.      ]
 [-0.999848 -0.        0.017452 -0.      ]
 [ 0.        1.        0.        1.      ]
 [ 0.        0.        0.        1.      ]]

Matrix A_2 (T_1->2):
[[ 0.917755 -0.397148  0.        1.835509]
 [ 0.397148  0.917755 -0.        0.794296]
 [ 0.        0.        1.        0.      ]
 [ 0.        0.        0.        1.      ]]

Matrix A_3 (T_2->3):
[[ 0.824126 -0.566406  0.        2.472379]
 [ 0.566406  0.824126 -0.        1.699219]
 [ 0.        0.        1.        0.      ]
 [ 0.        0.        0.        1.      ]]

Matrix A_4 (T_3->4):
[[ 0.699663  0.       -0.714473  0.      ]
 [-0.714473  0.       -0.699663 -0.      ]
 [ 0.        1.        0.        4.3     ]
 [ 0.        0.        0.        1.      ]]

Matrix A_5 (T_4->5):
[[ 0.549023 -0.       -0.835807  0.      ]
 [ 0.835807  0.        0.549023  0.      ]
 [ 0.       -1.        0.        3.2     ]
 [ 0.        0.        0.        1.      ]]

Matrix A_6 (T_5->6):
[[ 0.377841  0.925871 -0.        0.      ]
 [-0.925871  0.377841 -0.       -0.      ]
 [ 0.        0.        1.        2.1     ]
 [ 0.        0.        0.        1.      ]]

========================================
FINAL RESULT: T_06
========================================
[[-0.322734 -0.780995 -0.534687 -5.493942]
 [-0.394348 -0.402595  0.826079 -2.300964]
 [-0.860426  0.477456 -0.178052  0.835206]
 [ 0.        0.        0.        1.      ]]
========================================