
========== Numerical IK Solver ==========

Enter Link Constants:
d1: 1
a2: 1
a3: 1
d4: 1
d5: 1
d6: 1

Enter Desired Position:
x: 0
y: -2
z: 4

Enter Desired Orientation (RPY in degrees):
Roll: -90
Pitch: 0
Yaw: -180

Converged in 18 iterations (attempt 2).

Recovered Joint Angles (degrees):
[   -719.9013     92609.472925 -191518.897275   98729.474466
     719.9013      -360.050116]