
========== Numerical IK Solver ==========

Enter Link Constants:
d1: 1
a3: 1
a4: 1
d4: 1
d5: 1
d6: 1

Enter Desired Position:
x: 0.1339745962155613
y: -2.232050807568877
z:  3.7320508075688776

Enter Desired Orientation (RPY in degrees):
Roll: 69.6394
Pitch: -22.521
Yaw: 74.0953

Converged in 15 iterations (attempt 1).

Recovered Joint Angles (degrees):
[  316.140539    73.859447   449.999966 -1409.999967   990.000008
  -319.999995]